
Current (mA), Voltage (mV)
0 0
3.0 -137.3
3.2 -161.6
3.4 -170.3
3.0 -149.0
3.2 -158.0
3.2 -160.3
3.2 -148.9
3.0 -151.4
3.0 -146.8
3.8 -190.7
3.0 -151.4
3.2 -159.9
3.8 -189.8
10.0 -24.0
10.4 -7.4
11.2 -12.2
11.6 -0.6
12.4 -13.4
9.6 173.4
10.4 168.6
10.8 189.2
11.6 178.4
12.0 198.0
12.8 187.2
13.2 206.8
14.0 206.0
14.4 225.6
15.2 214.8
15.6 234.4
16.4 223.6
16.8 243.2
17.6 232.4
18.0 252.0
18.8 251.2
19.2 260.8
20.2 239.8
20.6 239.4
21.4 248.6
21.8 258.2
22.2 277.8
23.0 267.0
23.4 296.6
24.2 295.8
25.0 295.0
25.8 294.2
26.2 293.8
27.0 293.0
27.4 332.6
28.2 311.8
28.6 311.4
29.4 310.6
29.8 330.2
30.2 349.8
31.0 349.0
31.8 328.2
32.2 347.8
32.6 387.4
33.8 346.2
34.2 345.8
34.6 365.4
35.4 364.6
36.2 343.8
36.6 363.4
37.0 383.0
37.8 382.2
38.2 381.8
39.0 381.0
39.8 380.2
40.2 399.8
41.0 379.0
41.8 398.2
45.4 414.6
45.4 434.6
46.2 433.8
47.0 413.0
47.8 412.2
48.2 431.8
49.0 431.0
49.8 410.2
49.8 480.2
50.6 459.4
51.4 438.6
51.8 458.2
52.6 457.4
53.0 477.0
53.4 476.6
54.2 475.8
55.0 475.0
55.8 474.2
56.2 473.8
57.0 473.0
57.8 472.2
58.2 471.8
58.6 511.4
59.4 490.6
59.8 490.2
60.4 499.6
61.2 498.8
62.0 498.0
62.8 497.2
63.2 516.8
63.6 536.4
64.4 535.6
65.2 534.8
65.6 554.4
66.4 553.6
66.8 533.2
67.6 532.4
68.4 531.6
68.8 551.2
69.6 550.4
70.0 570.0
70.8 569.2
70.8 609.2
71.2 588.8
73.2 526.8
73.2 566.8
74.8 525.2
74.8 565.2
75.6 564.4
75.6 604.4
76.4 603.6
77.2 562.8
77.2 602.8
78.8 561.2
78.8 601.2
79.6 600.4
80.4 599.6
81.2 598.8
81.2 638.8
82.8 557.2
82.8 597.2
83.6 596.4
83.6 636.4
85.2 594.8
86.0 594.0
86.0 644.0
86.0 684.0
86.8 643.2
87.6 642.4
88.4 641.6
89.2 640.8
89.2 680.8
90.0 680.0
90.8 679.2
90.8 719.2
92.4 677.6
