
Current (mA), Voltage (mV)
0 0
3.4 -128.48
3.0 -101.8
3.2 -88.44
3.2 -67.14
3.2 -44.64
3.8 -47.76
3.2 -2.64
4.2 -20.84
3.8 18.24
3.2 62.36
4.2 44.16
4.6 50.08
3.2 126.36
4.6 92.08
5.0 98.0
5.0 121.0
5.4 122.92
5.0 159.0
5.8 146.84
5.8 172.84
6.6 160.68
5.8 212.84
6.6 204.68
9.6 104.08
10.4 92.92
7.0 253.6
10.4 136.92
11.2 124.76
11.2 148.76
11.2 168.76
8.6 293.28
8.2 329.36
8.6 333.28
8.6 353.28
8.2 390.36
5.6 514.88
9.0 398.2
6.4 532.72
6.0 568.8
6.0 588.8
6.8 576.64
6.8 596.64
7.2 590.56
7.2 620.56
7.6 614.48
8.0 618.4
8.0 638.4
8.4 632.32
8.8 646.24
9.2 640.16
9.2 660.16
9.6 664.08
10.4 641.92
10.4 661.92
10.8 655.84
11.2 659.76
11.6 663.68
12.0 657.6
12.4 661.52
12.4 671.52
12.8 685.44
13.2 679.36
13.6 673.28
14.4 671.12
14.4 681.12
14.8 685.04
15.2 678.96
15.6 672.88
16.0 676.8
16.0 686.8
16.4 690.72
17.2 678.56
17.6 672.48
17.6 692.48
18.4 680.32
18.4 690.32
18.8 694.24
19.2 688.16
19.6 692.08
20.2 677.96
20.6 671.88
21.0 675.8
21.4 679.72
21.4 709.72
22.2 697.56
22.2 717.56
22.6 721.48
23.0 705.4
23.4 709.32
24.2 697.16
24.2 717.16
24.6 721.08
25.0 705.0
25.4 708.92
26.2 696.76
26.2 716.76
26.6 720.68
27.0 704.6
27.4 708.52
27.8 712.44
28.2 716.36
28.6 720.28
28.6 720.28
29.4 708.12
29.4 728.12
29.8 732.04
30.2 735.96
30.6 719.88
31.0 723.8
31.4 727.72
31.8 731.64
32.2 715.56
32.6 719.48
33.0 723.4
33.4 727.32
33.4 727.32
33.8 731.24
34.6 719.08
35.0 723.0
35.0 743.0
35.4 726.92
36.2 714.76
36.6 718.68
36.6 738.68
37.0 742.6
37.4 726.52
37.8 730.44
38.2 734.36
39.0 722.2
39.0 742.2
39.4 726.12
39.8 730.04
40.2 733.96
40.6 737.88
41.0 741.8
41.0 741.8
41.8 729.64
42.2 733.56
43.0 721.4
42.6 737.48
43.4 725.32
31.4 1287.72
47.8 748.44
48.6 716.28
49.0 720.2
49.0 740.2
49.4 744.12
49.8 748.04
49.8 748.04
50.6 735.88
51.0 739.8
51.4 743.72
51.4 763.72
51.8 767.64
52.6 735.48
53.0 739.4
53.0 759.4
53.4 763.32
54.2 731.16
54.6 735.08
54.6 755.08
55.0 759.0
55.8 746.84
55.8 746.84
56.2 760.76
56.6 764.68
57.4 752.52
57.8 736.44
57.8 756.44
58.6 744.28
59.0 748.2
59.0 768.2
59.4 752.12
59.8 756.04
60.4 751.92
60.8 755.84
60.8 755.84
61.6 743.68
62.0 747.6
62.4 751.52
62.8 755.44
62.8 775.44
63.2 759.36
64.0 747.2
64.4 751.12
64.8 755.04
65.2 738.96
65.6 742.88
65.6 762.88
66.4 730.72
66.8 734.64
67.2 738.56
