
Current (mA), Voltage (mV)
0 0
2.8 -107.76
2.6 -103.22
2.6 -99.72
2.6 -103.22
2.6 -101.42
2.6 -103.22
2.6 -99.52
3.0 -119.3
2.6 -96.12
3.0 -118.5
8.4 -336.08
8.6 124.28
10.2 104.96
7.2 265.56
7.6 293.48
4.8 446.04
5.2 469.96
5.8 486.84
5.8 526.84
6.2 550.76
6.8 576.64
7.0 598.6
7.8 606.44
8.4 622.32
9.0 638.2
9.4 652.12
10.2 649.96
11.2 639.76
11.8 655.64
12.6 653.48
13.2 669.36
13.8 665.24
14.8 665.04
15.2 678.96
16.4 660.72
16.8 674.64
17.6 672.48
18.4 680.32
19.2 678.16
20.0 676.0
20.6 671.88
21.2 687.76
21.8 713.64
22.8 713.44
23.4 709.32
24.4 709.12
25.0 705.0
25.8 712.84
26.6 700.68
27.6 700.48
28.0 724.4
28.6 720.28
30.0 704.0
30.6 699.88
30.8 731.84
31.8 731.64
32.4 727.52
33.4 727.32
34.0 723.2
35.0 723.0
35.4 726.92
36.6 718.68
37.0 742.6
38.0 722.4
38.6 738.28
39.2 734.16
40.2 733.96
40.8 729.84
41.4 745.72
42.4 725.52
43.0 741.4
48.2 712.36
48.0 760.4
48.8 748.24
49.6 756.08
50.2 751.96
51.2 751.76
51.2 771.76
53.0 739.4
53.8 747.24
54.6 735.08
55.0 759.0
56.2 730.76
57.0 748.6
57.8 736.44
58.6 744.28
59.4 752.12
59.8 756.04
61.2 739.76
61.6 743.68
62.8 735.44
63.2 759.36
64.0 747.2
64.8 755.04
65.6 742.88
66.4 750.72
67.2 738.56
