
Current (mA), Voltage (mV)
0 0
3.2 1.6
3.2 2.4
3.2 2.0
3.2 1.6
3.2 1.6
3.2 1.6
3.2 1.6
3.2 17.0
3.4 3.6
3.2 3.2
3.2 2.4
3.2 2.0
3.2 1.6
3.2 1.8
3.2 1.6
3.2 1.6
13.2 1290.0
14.8 1370.0
16.4 1450.0
17.6 1510.0
19.2 1570.0
20.2 1630.0
21.8 1710.0
23.8 1770.0
25.0 1830.0
26.6 1890.0
27.8 1970.0
29.0 2030.0
30.6 2090.0
32.2 2150.0
33.4 2230.0
34.6 2290.0
36.6 2350.0
37.8 2410.0
38.6 2470.0
40.6 2550.0
48.6 2830.0
47.4 2810.0
48.6 2890.0
50.2 2950.0
51.4 3020.0
53.0 3080.0
54.6 3140.0
56.2 3200.0
57.4 3260.0
58.2 3340.0
59.8 3380.0
62.0 3460.0
63.2 3540.0
64.4 3580.0
66.0 3660.0
67.6 3740.0
69.2 3780.0
70.8 3860.0
72.4 3900.0
74.0 3980.0
75.6 4060.0
77.2 4100.0
78.0 4180.0
79.6 4260.0
81.2 4300.0
82.8 4380.0
84.4 4420.0
86.0 4500.0
87.6 4580.0
89.2 4620.0
90.0 4700.0
91.6 4740.0
93.2 4820.0
94.8 4900.0
95.6 4940.0
97.2 5030.0
98.8 5070.0
100.6 5150.0
101.4 5190.0
103.8 5270.0
104.6 5350.0
106.2 5390.0
107.8 5470.0
109.4 5510.0
111.0 5590.0
112.6 5630.0
113.4 5710.0
115.0 5790.0
116.6 5830.0
117.4 5910.0
119.8 5950.0
120.6 6030.0
122.2 6070.0
123.8 6150.0
125.4 6190.0
127.0 6270.0
127.8 6310.0
129.4 6390.0
131.0 6430.0
131.8 6510.0
133.4 6600.0
135.0 6700.0
135.8 6700.0
138.0 6800.0
142.0 6800.0
144.0 6900.0
144.0 7000.0
146.0 7000.0
148.0 7100.0
214.0 9800.0
178.0 8400.0
154.0 7500.0
158.0 7600.0
158.0 7600.0
160.0 7600.0
160.0 7700.0
162.0 7800.0
162.0 7900.0
166.0 7900.0
168.0 8000.0
168.0 8000.0
170.0 8100.0
172.0 8100.0
174.0 8200.0
176.0 8300.0
176.0 8400.0
178.0 8400.0
178.0 8400.0
182.0 8500.0
184.0 8600.0
184.0 8700.0
184.0 8800.0
186.0 8800.0
188.0 8800.0
190.0 8900.0
190.0 9000.0
192.0 9100.0
194.0 9100.0
196.0 9200.0
196.0 9200.0
200.0 9300.0
202.0 9400.0
202.0 9400.0
202.0 9500.0
204.0 9600.0
206.0 9600.0
208.0 9600.0
210.0 9700.0
210.0 9800.0
210.0 9900.0
212.0 9900.0
214.0 10000.0
218.0 10100.0
218.0 10100.0
218.0 10200.0
220.0 10300.0
222.0 10300.0
224.0 10400.0
224.0 10500.0
226.0 10500.0
