
Current (mA), Voltage (mV)
0 0
1.98e+41 -7.9596e+42
1.98e+41 -7.8606e+42
1.98e+41 -7.8606e+42
1.98e+41 -7.8606e+42
1.98e+41 -7.9596e+42
1.98e+41 -7.8606e+42
1.98e+41 -7.8606e+42
1.98e+41 -7.9596e+42
1.98e+41 -7.8606e+42
1.98e+41 -7.8606e+42
1.98e+41 -7.8606e+42
1.98e+41 -7.8606e+42
1.98e+41 -7.8606e+42
12.0 9.9e+40
1.98e+41 -7.9596e+42
12.0 9.9e+40
1.98e+41 -7.9596e+42
12.0 9.9e+40
1.98e+41 -7.9596e+42
18.0 9.9e+40
1.98e+41 -7.9596e+42
20.0 9.9e+40
1.98e+41 -7.9596e+42
20.0 9.9e+40
1.98e+41 -7.9596e+42
16.0 9.9e+40
1.98e+41 -7.9596e+42
24.0 9.9e+40
1.98e+41 -7.9596e+42
24.0 9.9e+40
1.98e+41 -7.9596e+42
28.0 9.9e+40
1.98e+41 -7.9596e+42
20.0 9.9e+40
22.0 9.9e+40
1.98e+41 -7.9596e+42
22.0 9.9e+40
1.98e+41 -7.9596e+42
30.0 9.9e+40
1.98e+41 -7.9596e+42
32.0 9.9e+40
1.98e+41 -7.9596e+42
34.0 9.9e+40
1.98e+41 -7.9596e+42
36.0 9.9e+40
1.98e+41 -7.9596e+42
36.0 9.9e+40
1.98e+41 -7.9596e+42
40.0 9.9e+40
1.98e+41 -7.9596e+42
42.0 9.9e+40
1.98e+41 -7.9596e+42
42.0 9.9e+40
1.98e+41 -7.9596e+42
30.0 9.9e+40
1.98e+41 -7.9596e+42
32.0 9.9e+40
1.98e+41 -7.9596e+42
34.0 9.9e+40
1.98e+41 -7.9596e+42
36.0 9.9e+40
1.98e+41 -7.9596e+42
36.0 9.9e+40
36.0 9.9e+40
1.98e+41 -7.8606e+42
40.0 9.9e+40
1.98e+41 -7.8606e+42
1.98e+41 -7.8606e+42
1.98e+41 -7.8606e+42
1.98e+41 -7.8606e+42
1.98e+41 -7.8606e+42
48.0 9.9e+40
48.0 9.9e+40
50.0 9.9e+40
50.0 9.9e+40
52.0 9.9e+40
52.0 9.9e+40
54.0 9.9e+40
54.0 9.9e+40
54.0 9.9e+40
54.0 9.9e+40
54.0 9.9e+40
56.0 9.9e+40
56.0 9.9e+40
58.0 9.9e+40
58.0 9.9e+40
60.0 9.9e+40
60.0 9.9e+40
62.0 9.9e+40
62.0 9.9e+40
62.0 9.9e+40
62.0 9.9e+40
64.0 9.9e+40
64.0 9.9e+40
66.0 9.9e+40
66.0 9.9e+40
68.0 9.9e+40
