
Current (mA), Voltage (mV)
0 0
3.2 -160.0
3.2 -160.0
3.2 -160.0
3.2 -130.6
3.2 -160.0
3.2 -160.0
3.2 -160.0
3.2 -160.0
13.2 -670.0
19.2 -879.2
21.0 -971.0
18.8 -698.8
6.4 473.6
6.8 513.2
6.8 583.2
6.4 673.6
2.6 917.4
11.8 138.2
12.2 167.8
12.8 177.2
9.0 421.0
14.2 175.8
15.4 144.6
16.0 174.0
17.0 143.0
18.0 142.0
18.6 151.4
19.2 150.8
20.6 119.4
21.2 118.8
22.2 97.8
23.2 86.8
23.8 96.2
24.8 65.2
25.4 74.6
26.4 73.6
29.8 50.2
30.6 49.4
31.4 28.6
32.2 27.8
33.0 27.0
33.8 26.2
34.6 5.4
36.2 -36.2
37.0 -37.0
37.8 -37.8
38.6 -58.6
39.4 -59.4
40.2 -60.2
41.8 -101.8
42.6 -122.6
43.4 -123.4
45.0 -185.0
45.0 -145.0
47.4 -227.4
48.2 -228.2
48.2 -208.2
49.8 -249.8
50.6 -250.6
51.4 -271.4
53.0 -313.0
53.8 -313.8
54.6 -334.6
55.4 -335.4
57.0 -377.0
57.8 -397.8
58.6 -398.6
59.4 -399.4
60.4 -430.4
62.0 -472.0
62.8 -472.8
63.6 -493.6
65.2 -535.2
66.0 -556.0
66.8 -556.8
67.6 -557.6
68.4 -558.4
69.2 -579.2
70.8 -620.8
71.6 -611.6
72.4 -632.4
74.0 -674.0
74.8 -694.8
75.6 -695.6
