
Current (mA), Voltage (mV)
0 0
3.0 -33.8
3.4 -38.52
3.0 -32.3
3.2 -35.76
3.2 -36.16
3.0 -33.8
3.0 -27.8
3.4 -38.52
3.2 -31.96
3.2 -36.16
3.4 -35.92
3.0 -33.1
3.2 -36.16
3.2 -36.16
3.2 -34.76
12.6 531.32
6.0 639.2
6.8 659.76
7.6 670.32
8.8 686.16
9.6 696.72
10.4 707.28
11.2 717.84
12.4 723.68
12.8 738.96
14.0 754.8
15.2 750.64
17.2 747.04
18.4 752.88
19.2 763.44
20.6 766.92
21.8 772.76
23.0 778.6
24.6 779.72
26.2 780.84
27.0 781.4
28.2 797.24
29.8 788.36
31.0 794.2
32.2 800.04
33.4 805.88
34.6 801.72
36.2 802.84
37.0 813.4
38.6 814.52
39.8 820.36
41.4 811.48
42.6 817.32
43.8 833.16
45.0 839.0
46.2 844.84
47.8 845.96
48.6 856.52
50.2 857.64
51.4 863.48
52.6 869.32
54.2 870.44
55.4 876.28
56.6 862.12
58.2 863.24
59.0 873.8
60.8 872.56
62.0 878.4
63.6 879.52
64.4 890.08
65.6 895.92
67.2 897.04
68.0 907.6
70.0 884.0
70.8 894.56
72.4 895.68
81.2 891.84
81.2 911.84
82.8 912.96
83.6 923.52
86.0 915.2
86.8 925.76
87.6 936.32
89.2 917.44
90.8 918.56
92.4 919.68
93.2 930.24
94.8 931.36
96.4 932.48
97.2 943.04
98.8 944.16
100.6 922.92
101.4 933.48
103.0 934.6
103.8 945.16
105.4 946.28
107.0 947.4
108.6 948.52
109.4 959.08
111.0 940.2
112.6 941.32
113.4 951.88
115.0 953.0
116.6 954.12
117.4 964.68
119.0 965.8
119.8 976.36
121.4 957.48
123.0 958.6
123.8 969.16
125.4 970.28
126.2 980.84
127.8 981.96
129.4 983.08
130.2 993.64
131.8 974.76
132.6 985.32
134.2 986.44
135.0 997.0
136.0 1005.2
140.0 978.0
140.0 998.0
144.0 950.8
144.0 970.8
144.0 990.8
146.0 987.2
148.0 983.6
150.0 980.0
150.0 980.0
152.0 976.4
152.0 996.4
154.0 992.8
156.0 989.2
158.0 985.6
160.0 982.0
160.0 982.0
160.0 1002.0
162.0 998.4
164.0 994.8
166.0 991.2
168.0 967.6
168.0 987.6
168.0 1007.6
170.0 1014.0
172.0 1010.4
172.0 1030.4
176.0 983.2
176.0 1003.2
176.0 1023.2
178.0 1019.6
180.0 1016.0
182.0 992.4
182.0 1012.4
184.0 1008.8
186.0 1005.2
186.0 1025.2
188.0 1021.6
190.0 998.0
192.0 994.4
192.0 1014.4
192.0 1074.4
196.0 1027.2
196.0 1067.2
198.0 1043.6
198.0 1083.6
202.0 1036.4
202.0 1036.4
