
Current (mA), Voltage (mV)
0 0
3.2 21.44
4.2 92.64
5.8 248.36
11.6 295.72
10.6 516.52
12.0 660.4
14.4 798.48
17.2 896.24
20.2 1278.84
23.0 1506.6
25.8 1434.36
29.0 1251.8
31.8 1479.56
35.0 1497.0
37.8 1624.76
72.8 2521.76
44.6 1849.32
47.8 1866.76
51.0 1984.2
54.2 2101.64
57.4 2119.08
60.8 2331.36
64.0 2348.8
67.2 2466.24
70.4 2483.68
73.6 2601.12
76.4 2728.88
80.4 2725.68
83.6 2943.12
86.8 2960.56
89.2 3098.64
93.2 3095.44
96.4 3212.88
100.6 3304.52
103.8 3321.96
107.0 3439.4
110.2 3556.84
113.4 3574.28
117.4 3771.08
119.8 3709.16
123.8 3905.96
126.2 3944.04
130.2 4040.84
200.0 5340.0
142.0 4136.4
144.0 4284.8
148.0 4381.6
152.0 4478.4
156.0 4575.2
160.0 4472.0
162.0 4620.4
166.0 4717.2
168.0 4865.6
172.0 4962.4
176.0 5059.2
178.0 5007.6
182.0 5104.4
186.0 5301.2
190.0 5398.0
192.0 5546.4
196.0 5443.2
202.0 5488.4
204.0 5636.8
208.0 5733.6
212.0 5830.4
216.0 5727.2
218.0 5875.6
222.0 5972.4
226.0 6069.2
228.0 6217.6
234.0 6062.8
236.0 6211.2
240.0 6308.0
244.0 6404.8
246.0 6553.2
250.0 6450.0
254.0 6546.8
258.0 6643.6
262.0 6740.4
266.0 6837.2
268.0 6985.6
272.0 6882.4
274.0 7030.8
278.0 7127.6
280.0 7276.0
284.0 7372.8
288.0 7269.6
292.0 7366.4
294.0 7514.8
298.0 7611.6
302.0 7708.4
310.0 7502.0
314.0 7598.8
318.0 7695.6
318.0 7895.6
322.0 7992.4
326.0 7889.2
330.0 7986.0
334.0 8082.8
338.0 8179.6
342.0 8276.4
346.0 8373.2
346.0 8573.2
346.0 8773.2
350.0 8870.0
350.0 9070.0
354.0 8966.8
358.0 9063.6
