
Current (mA), Voltage (mV)
0 0
3.8 -84.76
3.4 -130.68
3.2 -44.64
3.2 -1.64
4.4 -5.88
4.8 18.04
3.2 128.36
3.2 170.36
5.4 124.92
7.6 74.48
5.8 192.84
9.2 100.16
6.6 249.68
11.2 104.76
12.0 112.6
8.2 309.36
5.2 469.96
5.2 510.96
6.0 518.8
6.0 558.8
6.8 566.64
7.2 590.56
7.6 614.48
8.0 638.4
8.8 646.24
9.6 644.08
10.4 641.92
10.8 655.84
11.6 663.68
12.8 655.44
12.8 675.44
13.6 673.28
14.8 665.04
15.2 678.96
16.0 676.8
16.8 674.64
17.2 688.56
18.0 696.4
18.8 694.24
19.6 692.08
20.6 671.88
21.4 679.72
21.8 713.64
22.6 721.48
23.4 709.32
24.2 717.16
25.0 705.0
25.8 712.84
26.6 720.68
27.4 708.52
28.2 716.36
28.6 720.28
29.8 712.04
30.2 735.96
31.0 723.8
31.8 731.64
32.2 735.56
33.4 727.32
34.2 735.16
35.0 723.0
35.8 710.84
36.6 718.68
37.0 742.6
37.8 730.44
38.6 738.28
39.4 726.12
40.2 733.96
41.0 721.8
41.8 729.64
42.6 737.48
43.4 725.32
48.2 712.36
48.6 736.28
49.0 740.2
49.8 748.04
50.6 735.88
51.0 759.8
52.2 731.56
52.6 755.48
53.8 747.24
54.2 751.16
55.0 759.0
55.8 746.84
56.6 764.68
57.8 736.44
58.2 760.36
59.0 768.2
59.8 756.04
60.8 755.84
61.6 743.68
62.4 751.52
62.8 775.44
64.0 747.2
64.8 755.04
65.2 758.96
66.4 750.72
66.8 754.64
