
Current (mA), Voltage (mV)
0 0
3.2 -160.8
3.0 -149.5
3.2 -161.6
3.2 -160.9
3.0 -151.4
3.2 -160.6
3.2 -161.6
3.2 -158.8
3.4 -168.6
3.0 -150.3
3.2 -159.3
11.6 -588.4
13.2 -227.2
13.6 -211.6
15.2 -252.2
16.4 -277.4
17.2 -282.2
18.8 -327.8
19.6 -336.6
21.4 -392.4
22.2 -392.2
23.4 -423.4
25.0 -465.0
25.8 -475.8
27.4 -517.4
28.6 -538.6
29.4 -539.4
31.0 -591.0
31.8 -591.8
33.4 -643.4
34.2 -654.2
35.8 -695.8
37.0 -717.0
37.8 -717.8
39.0 -749.0
40.6 -800.6
41.8 -821.8
43.0 -853.0
44.2 -884.2
45.4 -905.4
46.6 -936.6
47.4 -907.4
49.4 -989.4
50.2 -990.2
51.8 -1031.8
52.6 -1032.6
54.2 -1094.2
55.0 -1095.0
56.2 -1116.2
57.4 -1157.4
58.6 -1178.6
59.8 -1199.8
61.2 -1231.2
62.4 -1272.4
64.0 -1314.0
65.2 -1315.2
66.4 -1356.4
67.6 -1397.6
68.4 -1398.4
70.0 -1440.0
70.8 -1440.8
72.4 -1502.4
74.0 -1544.0
74.8 -1544.8
76.4 -1586.4
77.2 -1607.2
79.6 -1669.6
79.6 -1649.6
81.2 -1711.2
82.0 -1692.0
83.6 -1753.6
91.6 -1961.6
92.4 -1982.4
94.0 -2024.0
94.8 -2024.8
95.6 -2025.6
97.2 -2067.2
98.8 -2128.8
99.6 -2129.6
101.4 -2181.4
102.2 -2172.2
103.8 -2213.8
104.6 -2234.6
106.2 -2256.2
107.8 -2297.8
108.6 -2338.6
110.2 -2380.2
111.8 -2421.8
112.6 -2442.6
114.2 -2484.2
115.0 -2485.0
116.6 -2506.6
118.2 -2568.2
119.0 -2589.0
119.8 -2589.8
121.4 -2651.4
122.2 -2652.2
