
Current (mA), Voltage (mV)
0 0
3.2 1.6
3.2 3.2
3.2 1.6
3.2 2.4
3.2 3.2
3.2 2.6
3.2 287.0
3.2 334.0
3.2 378.0
3.2 426.0
3.2 474.0
3.2 523.0
3.2 567.0
3.2 607.0
9.8 643.0
11.0 680.0
3.2 710.0
6.8 740.0
11.8 760.0
8.8 790.0
9.2 810.0
10.4 830.0
11.2 850.0
12.0 870.0
12.8 890.0
14.0 910.0
15.2 930.0
16.8 950.0
18.0 970.0
19.2 990.0
20.2 1010.0
21.8 1030.0
23.0 1050.0
24.6 1070.0
25.8 1090.0
27.0 1100.0
28.2 1130.0
29.4 1140.0
31.0 1160.0
32.2 1180.0
33.4 1200.0
34.6 1210.0
35.8 1230.0
37.0 1250.0
38.2 1270.0
39.8 1290.0
41.0 1300.0
42.2 1320.0
43.8 1350.0
45.0 1370.0
46.6 1390.0
47.8 1410.0
49.0 1430.0
50.2 1450.0
51.8 1470.0
53.0 1490.0
54.2 1510.0
55.4 1530.0
57.0 1550.0
57.8 1550.0
59.4 1570.0
60.8 1590.0
61.6 1610.0
63.2 1630.0
64.4 1650.0
65.6 1670.0
66.8 1690.0
68.0 1690.0
70.0 1710.0
71.6 1730.0
72.4 1750.0
81.2 1850.0
81.2 1870.0
82.8 1890.0
84.4 1910.0
86.0 1930.0
86.8 1930.0
88.4 1950.0
90.0 1970.0
90.8 1990.0
92.4 2010.0
93.2 2030.0
94.0 2050.0
96.4 2070.0
97.2 2090.0
98.8 2090.0
100.6 2110.0
101.4 2130.0
103.0 2150.0
104.6 2170.0
106.2 2190.0
107.0 2210.0
107.8 2230.0
109.4 2230.0
111.0 2250.0
111.8 2270.0
113.4 2290.0
115.0 2310.0
115.8 2330.0
117.4 2350.0
119.0 2370.0
119.8 2390.0
121.4 2390.0
123.0 2410.0
124.6 2430.0
125.4 2450.0
126.2 2470.0
127.8 2490.0
129.4 2510.0
130.2 2530.0
131.8 2530.0
133.4 2550.0
134.2 2570.0
135.8 2590.0
136.0 2610.0
140.0 2630.0
142.0 2630.0
144.0 2650.0
144.0 2670.0
144.0 2690.0
146.0 2710.0
148.0 2730.0
150.0 2750.0
150.0 2750.0
152.0 2770.0
152.0 2790.0
154.0 2810.0
156.0 2830.0
158.0 2850.0
160.0 2850.0
160.0 2870.0
160.0 2890.0
162.0 2910.0
162.0 2930.0
166.0 2950.0
166.0 2950.0
168.0 2970.0
168.0 2990.0
170.0 3020.0
172.0 3040.0
174.0 3060.0
176.0 3060.0
176.0 3080.0
176.0 3100.0
178.0 3120.0
180.0 3140.0
182.0 3160.0
184.0 3160.0
184.0 3180.0
186.0 3200.0
186.0 3220.0
188.0 3240.0
190.0 3240.0
192.0 3260.0
192.0 3280.0
192.0 3340.0
196.0 3340.0
194.0 3380.0
196.0 3380.0
200.0 3420.0
202.0 3420.0
202.0 3420.0
