
Current (mA), Voltage (mV)
0 0
152.0 7400.0
154.0 7400.0
156.0 7500.0
156.0 7600.0
158.0 7600.0
160.0 7600.0
162.0 7700.0
162.0 7800.0
164.0 7900.0
166.0 8000.0
168.0 8000.0
168.0 8000.0
170.0 8100.0
172.0 8200.0
172.0 8300.0
176.0 8300.0
176.0 8400.0
176.0 8400.0
180.0 8500.0
182.0 8600.0
182.0 8600.0
184.0 8700.0
184.0 8800.0
186.0 8800.0
188.0 8800.0
190.0 8900.0
192.0 9000.0
192.0 9100.0
194.0 9200.0
196.0 9200.0
198.0 9200.0
200.0 9300.0
202.0 9400.0
202.0 9500.0
202.0 9500.0
204.0 9600.0
206.0 9600.0
208.0 9700.0
210.0 9800.0
210.0 9800.0
210.0 9900.0
214.0 10000.0
216.0 10100.0
216.0 10100.0
218.0 10100.0
220.0 10200.0
222.0 10300.0
224.0 10400.0
224.0 10500.0
226.0 10500.0
226.0 10500.0
