
Current (mA), Voltage (mV)
0 0
3.2 -158.9
3.2 -160.8
3.2 -160.8
3.2 -161.0
3.2 -160.0
3.2 -160.0
3.2 -160.0
8.8 138.2
8.8 222.2
9.6 258.4
10.0 330.0
11.2 348.8
11.6 418.4
10.2 569.8
10.0 660.0
11.4 668.6
11.2 758.8
11.6 808.4
12.4 847.6
13.6 896.4
14.4 935.6
15.2 974.8
16.0 1014.0
16.8 1053.2
17.6 1092.4
18.4 1131.6
19.6 1150.4
20.2 1199.8
21.0 1239.0
21.8 1278.2
22.6 1317.4
23.8 1316.2
24.6 1375.4
25.4 1394.6
26.6 1413.4
27.0 1473.0
48.6 2181.4
31.8 1558.2
31.8 1678.2
33.0 1657.0
33.8 1696.2
34.2 1755.8
35.4 1774.6
36.2 1813.8
37.4 1832.6
38.2 1871.8
39.0 1911.0
39.8 1950.2
41.0 1969.0
41.8 2008.2
42.6 2047.4
43.0 2107.0
44.6 2105.4
45.4 2104.6
46.2 2143.8
47.4 2162.6
48.2 2201.8
49.0 2241.0
50.2 2299.8
51.0 2299.0
51.8 2338.2
53.0 2367.0
53.8 2406.2
54.6 2445.4
55.4 2484.6
56.6 2503.4
57.0 2563.0
58.2 2541.8
59.0 2621.0
60.4 2629.6
60.8 2649.2
62.0 2668.0
62.8 2707.2
63.6 2746.4
64.4 2785.6
64.8 2845.2
66.8 2823.2
67.6 2862.4
69.2 2860.8
69.2 2900.8
70.8 2899.2
71.6 2938.4
72.4 2977.6
73.2 3016.8
