
Current (mA), Voltage (mV)
0 0
3.2 -161.92
3.2 -161.92
3.2 -161.92
3.2 -161.92
3.2 -160.22
3.2 -161.52
3.2 -161.92
3.2 -160.62
10.4 123.56
10.4 204.56
11.2 247.68
12.8 245.92
11.8 377.02
10.4 528.56
11.2 567.68
11.6 627.24
12.8 645.92
13.6 675.04
14.8 693.72
16.4 671.96
17.2 711.08
18.4 729.76
19.6 748.44
21.4 716.46
22.2 755.58
23.8 733.82
25.0 752.5
26.2 751.18
27.8 749.42
29.0 748.1
30.2 746.78
31.4 765.46
32.2 784.58
33.8 782.82
35.0 781.5
36.6 779.74
66.0 767.4
41.8 794.02
43.4 802.26
44.2 841.38
46.2 819.18
47.0 818.3
48.6 816.54
49.4 855.66
51.0 853.9
52.2 872.58
53.4 851.26
55.0 849.5
56.2 868.18
57.4 846.86
59.0 845.1
60.8 833.12
61.2 892.68
62.8 850.92
64.0 869.6
65.6 867.84
66.8 886.52
68.0 865.2
69.2 883.88
70.4 902.56
71.6 881.24
73.2 879.48
74.0 918.6
75.6 876.84
76.8 895.52
77.6 934.64
79.6 912.44
81.2 880.68
82.8 878.92
84.4 877.16
85.2 916.28
86.0 915.4
87.6 913.64
89.2 911.88
86.8 1074.52
91.6 909.24
90.8 1030.12
94.0 906.6
95.6 904.84
96.4 943.96
98.0 942.2
99.6 900.44
100.6 929.34
102.2 927.58
103.8 885.82
104.6 924.94
105.4 964.06
107.8 881.42
108.6 920.54
110.2 918.78
111.0 957.9
112.6 916.14
114.2 914.38
115.0 953.5
115.8 952.62
118.2 909.98
118.2 999.98
120.6 917.34
121.4 956.46
123.0 954.7
124.6 912.94
125.4 952.06
127.0 950.3
127.8 949.42
129.4 947.66
96.4 1343.96
160.0 724.0
132.0 954.8
132.0 1054.8
136.0 950.4
136.0 1050.4
140.0 846.0
140.0 946.0
140.0 1046.0
144.0 941.6
144.0 941.6
144.0 1041.6
148.0 837.2
148.0 937.2
148.0 1037.2
148.0 1137.2
152.0 1032.8
152.0 1032.8
156.0 828.4
156.0 928.4
156.0 1028.4
160.0 924.0
160.0 1024.0
160.0 1024.0
160.0 1024.0
164.0 919.6
164.0 1019.6
164.0 1119.6
168.0 1015.2
168.0 1015.2
168.0 1115.2
172.0 910.8
172.0 1010.8
176.0 906.4
176.0 1006.4
176.0 1106.4
180.0 902.0
180.0 902.0
180.0 1002.0
184.0 897.6
184.0 997.6
184.0 1097.6
188.0 893.2
188.0 893.2
188.0 993.2
192.0 888.8
192.0 988.8
192.0 1088.8
196.0 884.4
196.0 984.4
196.0 1084.4
202.0 777.8
202.0 877.8
202.0 977.8
206.0 773.4
206.0 873.4
206.0 973.4
210.0 769.0
210.0 869.0
210.0 969.0
210.0 969.0
214.0 864.6
214.0 964.6
214.0 1064.6
218.0 860.2
218.0 960.2
218.0 960.2
222.0 855.8
222.0 955.8
222.0 955.8
226.0 851.4
226.0 951.4
230.0 747.0
230.0 847.0
230.0 947.0
234.0 842.6
234.0 842.6
234.0 942.6
238.0 738.2
238.0 838.2
238.0 938.2
242.0 833.8
242.0 833.8
242.0 933.8
242.0 933.8
246.0 829.4
246.0 829.4
250.0 825.0
250.0 825.0
250.0 925.0
254.0 720.6
254.0 820.6
254.0 820.6
258.0 716.2
258.0 816.2
258.0 916.2
258.0 1016.2
258.0 1016.2
262.0 811.8
266.0 707.4
266.0 807.4
266.0 907.4
270.0 803.0
266.0 1007.4
270.0 803.0
270.0 903.0
274.0 798.6
274.0 898.6
274.0 998.6
278.0 794.2
278.0 794.2
282.0 689.8
282.0 789.8
282.0 789.8
286.0 685.4
286.0 785.4
286.0 785.4
286.0 885.4
286.0 885.4
290.0 781.0
290.0 881.0
294.0 876.6
294.0 876.6
294.0 876.6
298.0 872.2
298.0 872.2
298.0 872.2
302.0 867.8
302.0 867.8
302.0 867.8
306.0 863.4
306.0 863.4
306.0 863.4
