
Current (mA), Voltage (mV)
0 0
1.98e+41 -7.9596e+42
1.98e+41 -7.9596e+42
1.98e+41 -7.9596e+42
1.98e+41 -7.8606e+42
1.98e+41 -7.8606e+42
1.98e+41 -7.8606e+42
1.98e+41 -7.8606e+42
1.98e+41 -7.8606e+42
1.98e+41 -7.8606e+42
1.98e+41 -7.8606e+42
1.98e+41 -7.8606e+42
1.98e+41 -7.8606e+42
1.98e+41 -7.8606e+42
1.98e+41 -7.8606e+42
1.98e+41 -7.9596e+42
1.98e+41 -7.8606e+42
1.98e+41 -7.8606e+42
1.98e+41 -7.8606e+42
1.98e+41 -7.8606e+42
1.98e+41 -7.8606e+42
1.98e+41 -7.9596e+42
1.98e+41 -7.9596e+42
1.98e+41 -7.8606e+42
1.98e+41 -7.8606e+42
1.98e+41 -7.8606e+42
1.98e+41 -7.9596e+42
1.98e+41 -7.8606e+42
1.98e+41 -7.8606e+42
1.98e+41 -7.8606e+42
1.98e+41 -7.8606e+42
1.98e+41 -7.8606e+42
1.98e+41 -7.8606e+42
1.98e+41 -7.8606e+42
1.98e+41 -7.8606e+42
1.98e+41 -7.8606e+42
1.98e+41 -7.8606e+42
1.98e+41 -7.8606e+42
1.98e+41 -7.8606e+42
1.98e+41 -7.8606e+42
1.98e+41 -7.8606e+42
1.98e+41 -7.8606e+42
1.98e+41 -7.8606e+42
1.98e+41 -7.8606e+42
1.98e+41 -7.8606e+42
1.98e+41 -7.8606e+42
1.98e+41 -7.8606e+42
1.98e+41 -7.8606e+42
1.98e+41 -7.8606e+42
1.98e+41 -7.8606e+42
1.98e+41 -7.8606e+42
1.98e+41 -7.8606e+42
1.98e+41 -7.8606e+42
1.98e+41 -7.8606e+42
1.98e+41 -7.8606e+42
1.98e+41 -7.8606e+42
1.98e+41 -7.8606e+42
1.98e+41 -7.8606e+42
1.98e+41 -7.8606e+42
1.98e+41 -7.8606e+42
1.98e+41 -7.8606e+42
1.98e+41 -7.8606e+42
1.98e+41 -7.8606e+42
1.98e+41 -7.8606e+42
1.98e+41 -7.8606e+42
1.98e+41 -7.8606e+42
1.98e+41 -7.8606e+42
1.98e+41 -7.8606e+42
1.98e+41 -7.8606e+42
1.98e+41 -7.8606e+42
1.98e+41 -7.8606e+42
1.98e+41 -7.8606e+42
1.98e+41 -7.8606e+42
1.98e+41 -7.8606e+42
1.98e+41 -7.8606e+42
1.98e+41 -7.8606e+42
1.98e+41 -7.8606e+42
1.98e+41 -7.8606e+42
1.98e+41 -7.8606e+42
1.98e+41 -7.8606e+42
1.98e+41 -7.8606e+42
1.98e+41 -7.8606e+42
1.98e+41 -7.8606e+42
1.98e+41 -7.8606e+42
1.98e+41 -7.8606e+42
1.98e+41 -7.8606e+42
1.98e+41 -7.8606e+42
1.98e+41 -7.8606e+42
1.98e+41 -7.8606e+42
1.98e+41 -7.8606e+42
1.98e+41 -7.8606e+42
1.98e+41 -7.8606e+42
1.98e+41 -7.8606e+42
1.98e+41 -7.8606e+42
1.98e+41 -7.8606e+42
1.98e+41 -7.8606e+42
1.98e+41 -7.8606e+42
1.98e+41 -7.8606e+42
