
Current (mA), Voltage (mV)
0 0
3.2 -75.2
3.2 -75.2
3.2 -75.2
3.2 -75.2
3.2 -75.2
3.2 -75.2
3.2 -75.2
3.2 -75.2
3.2 -73.2
3.2 -74.4
3.2 -75.2
3.2 -75.2
12.0 114.0
12.4 140.4
9.6 239.6
10.4 253.4
10.8 279.8
11.6 292.6
12.8 295.8
13.2 318.2
13.6 344.6
14.8 343.8
15.2 385.2
16.0 386.0
16.8 406.8
17.2 427.2
17.6 457.6
19.2 449.2
19.6 479.6
20.6 475.6
21.0 506.0
21.8 526.8
22.2 557.2
23.0 568.0
23.4 588.4
24.2 599.2
25.0 610.0
25.8 620.8
26.6 641.6
27.4 652.4
27.8 672.8
28.6 683.6
29.0 714.0
29.8 754.8
30.6 755.6
31.4 776.4
31.8 806.8
32.6 827.6
33.4 828.4
34.2 849.2
34.6 879.6
35.4 880.4
36.2 901.2
36.6 931.6
37.4 932.4
38.6 943.6
39.0 974.0
39.4 984.4
40.2 1005.2
41.0 1026.0
41.8 1026.8
42.2 1057.2
43.4 1068.4
43.4 1088.4
44.2 1109.2
45.0 1130.0
45.8 1150.8
46.6 1151.6
47.0 1182.0
47.8 1182.8
48.6 1203.6
52.6 1307.6
53.0 1318.0
53.8 1338.8
54.2 1369.2
55.0 1370.0
55.8 1390.8
56.6 1411.6
57.0 1422.0
57.8 1442.8
58.6 1463.6
59.0 1474.0
59.8 1494.8
60.8 1510.8
61.2 1521.2
62.0 1552.0
62.8 1572.8
63.6 1573.6
64.0 1604.0
64.8 1624.8
65.2 1635.2
66.4 1646.4
66.4 1666.4
67.2 1687.2
68.0 1708.0
68.4 1718.4
68.8 1748.8
