
Current (mA), Voltage (mV)
0 0
3.2 -127.34
3.0 -119.3
3.2 -127.34
3.2 -127.34
3.0 -119.0
3.4 -135.08
3.2 -127.04
3.2 -127.04
3.4 -133.98
3.2 -127.04
3.2 -123.84
3.4 -133.18
3.0 -117.1
3.2 -127.04
3.2 -125.74
3.2 -127.04
3.0 -118.0
3.2 -127.04
3.2 -127.04
3.4 -135.08
3.2 -127.04
3.2 -127.04
3.2 -123.44
8.4 622.32
8.8 646.24
9.2 660.16
10.0 658.0
10.8 655.84
11.6 663.68
12.4 671.52
13.2 669.36
13.6 673.28
14.4 671.12
14.8 695.04
16.0 676.8
16.4 690.72
17.2 688.56
18.0 696.4
18.8 694.24
19.6 682.08
21.0 655.8
21.4 679.72
22.2 697.56
22.6 721.48
23.4 709.32
24.2 717.16
25.0 705.0
25.8 712.84
26.6 700.68
27.4 708.52
28.2 716.36
28.6 720.28
29.4 728.12
30.2 735.96
31.0 723.8
31.8 711.64
32.6 719.48
33.4 727.32
33.8 731.24
35.0 723.0
35.8 710.84
36.2 734.76
37.0 742.6
37.8 730.44
38.6 738.28
39.4 726.12
40.2 733.96
41.0 721.8
41.8 729.64
42.2 733.56
43.0 741.4
48.6 696.28
48.6 736.28
49.0 740.2
49.8 748.04
50.6 735.88
51.4 743.72
51.8 747.64
52.6 755.48
53.8 747.24
54.6 735.08
55.4 742.92
56.2 730.76
56.6 764.68
57.4 752.52
58.2 760.36
58.6 784.28
59.8 756.04
61.2 739.76
61.6 743.68
62.4 751.52
63.2 759.36
64.0 747.2
64.8 755.04
65.2 758.96
66.4 750.72
66.8 754.64
