
Current (mA), Voltage (mV)
0 0
3.0 -151.4
3.0 -151.4
3.2 -158.8
3.2 -161.6
3.6 -175.1
3.2 -159.9
3.0 -148.0
3.2 -160.1
3.2 -158.4
3.4 -171.8
3.0 -151.7
3.2 -161.9
3.4 -172.1
3.2 -156.8
3.4 -169.8
3.0 -151.7
3.2 -161.9
3.2 -159.8
3.2 -159.7
3.2 -161.9
3.0 -151.7
11.2 -569.6
12.0 198.0
12.4 207.6
13.2 206.8
14.0 206.0
14.4 225.6
15.2 214.8
15.6 234.4
16.0 244.0
16.8 243.2
17.6 232.4
18.0 252.0
18.8 241.2
19.2 260.8
20.2 239.8
20.6 259.4
21.4 248.6
21.8 258.2
22.6 257.4
23.0 267.0
23.4 296.6
24.2 295.8
25.0 295.0
25.4 294.6
25.8 314.2
26.6 313.4
27.4 312.6
28.2 311.8
28.6 311.4
29.4 310.6
29.8 350.2
30.6 329.4
31.0 329.0
31.8 328.2
32.2 367.8
33.0 327.0
33.4 346.6
34.2 345.8
35.0 345.0
35.4 364.6
35.8 364.2
36.2 403.8
37.0 383.0
37.8 362.2
38.2 381.8
39.0 381.0
39.8 400.2
40.6 379.4
41.0 379.0
41.4 398.6
45.4 394.6
45.4 434.6
46.2 413.8
47.0 433.0
47.4 432.6
48.2 431.8
49.0 411.0
49.4 430.6
50.2 429.8
51.0 459.0
51.0 479.0
51.8 458.2
52.6 457.4
53.0 497.0
53.8 456.2
54.2 495.8
55.0 495.0
55.8 474.2
56.2 473.8
57.4 452.6
57.4 512.6
57.8 512.2
58.6 491.4
59.0 531.0
59.8 510.2
60.8 479.2
