
Current (mA), Voltage (mV)
0 0
3.2 144.44
3.8 134.96
3.8 359.96
6.4 513.88
7.6 703.92
9.2 882.64
11.6 1030.72
12.4 1220.08
10.8 1821.36
12.8 1569.76
13.6 1849.12
16.8 1866.56
18.8 2014.96
21.0 2158.2
21.8 2337.56
55.4 3370.68
34.2 2217.64
36.6 2455.72
38.6 2504.12
41.0 2742.2
43.8 2769.96
46.2 3008.04
48.6 3046.12
51.0 3284.2
53.4 3322.28
55.8 3460.36
58.2 3598.44
61.6 3710.72
64.0 3848.8
66.0 3997.2
66.8 4176.56
70.0 4294.0
71.6 4452.72
75.6 4449.52
81.2 4505.04
81.2 4705.04
84.4 4822.48
87.6 4939.92
90.0 4978.0
94.0 5074.8
96.4 5212.88
100.6 5204.52
103.8 5321.96
260.0 9392.0
152.0 6278.4
126.0 5449.2
124.0 5600.8
128.0 5597.6
132.0 5794.4
134.0 5842.8
136.0 5991.2
140.0 5988.0
144.0 6084.8
146.0 6333.2
150.0 6330.0
152.0 6478.4
156.0 6475.2
158.0 6723.6
160.0 6772.0
164.0 6868.8
168.0 6965.6
170.0 7014.0
172.0 7162.4
176.0 7259.2
178.0 7407.6
182.0 7404.4
184.0 7652.8
188.0 7649.6
190.0 7798.0
192.0 7946.4
192.0 8146.4
198.0 8191.6
202.0 8188.4
204.0 8436.8
208.0 8433.6
210.0 8582.0
214.0 8678.8
218.0 8675.6
226.0 8569.2
228.0 8717.6
232.0 8714.4
234.0 8862.8
236.0 8911.2
240.0 9108.0
242.0 9156.4
246.0 9253.2
250.0 9250.0
254.0 9246.8
256.0 9495.2
258.0 9543.6
262.0 9640.4
266.0 9737.2
268.0 9785.6
272.0 9882.4
274.0 10030.8
276.0 10179.2
280.0 10276.0
284.0 10372.8
286.0 10321.2
290.0 10418.0
294.0 10514.8
298.0 10611.6
300.0 10760.0
302.0 10908.4
306.0 10805.2
308.0 10953.6
308.0 11353.6
322.0 10792.4
